329001112793403393
329001106350931968
329000796396077057
329000775973994497
329000726221160448
329000694579339264
329000668507541504
329000615290212353
329000501486157824
329000468988715008
329000468862873601
329000461946470400
329000446167498752
329000442556211200
329000402244734977
329000354169618432
329000351598522368
329000325493174274
329000317440114689
329000286314168320
329000161437155328
329000053177982977
328999985951674370
328999955618484224
328999893345636352
328999893341450240
328999810499764224
328999807467257858
328999762613379073
328999757051740161
328999740123512832
